1057 244
3 13
3 3 3 3 3 3 3 3 3 3 3 3 3 3 3 3 3 3 3 3 3 3 3 3 3 3 3 3 3 3 3 3 3 3 3 3 3 3 3 3 3 3 3 3 3 3 3 3 3 3 3 3 3 3 3 3 3 3 3 3 3 3 3 3 3 3 3 3 3 3 3 3 3 3 3 3 3 3 3 3 3 3 3 3 3 3 3 3 3 3 3 3 3 3 3 3 3 3 3 3 3 3 3 3 3 3 3 3 3 3 3 3 3 3 3 3 3 3 3 3 3 3 3 3 3 3 3 3 3 3 3 3 3 3 3 3 3 3 3 3 3 3 3 3 3 3 3 3 3 3 3 3 3 3 3 3 3 3 3 3 3 3 3 3 3 3 3 3 3 3 3 3 3 3 3 3 3 3 3 3 3 3 3 3 3 3 3 3 3 3 3 3 3 3 3 3 3 3 3 3 3 3 3 3 3 3 3 3 3 3 3 3 3 3 3 3 3 3 3 3 3 3 3 3 3 3 3 3 3 3 3 3 3 3 3 3 3 3 3 3 3 3 3 3 3 3 3 3 3 3 3 3 3 3 3 3 3 3 3 3 3 3 3 3 3 3 3 3 3 3 3 3 3 3 3 3 3 3 3 3 3 3 3 3 3 3 3 3 3 3 3 3 3 3 3 3 3 3 3 3 3 3 3 3 3 3 3 3 3 3 3 3 3 3 3 3 3 3 3 3 3 3 3 3 3 3 3 3 3 3 3 3 3 3 3 3 3 3 3 3 3 3 3 3 3 3 3 3 3 3 3 3 3 3 3 3 3 3 3 3 3 3 3 3 3 3 3 3 3 3 3 3 3 3 3 3 3 3 3 3 3 3 3 3 3 3 3 3 3 3 3 3 3 3 3 3 3 3 3 3 3 3 3 3 3 3 3 3 3 3 3 3 3 3 3 3 3 3 3 3 3 3 3 3 3 3 3 3 3 3 3 3 3 3 3 3 3 3 3 3 3 3 3 3 3 3 3 3 3 3 3 3 3 3 3 3 3 3 3 3 3 3 3 3 3 3 3 3 3 3 3 3 3 3 3 3 3 3 3 3 3 3 3 3 3 3 3 3 3 3 3 3 3 3 3 3 3 3 3 3 3 3 3 3 3 3 3 3 3 3 3 3 3 3 3 3 3 3 3 3 3 3 3 3 3 3 3 3 3 3 3 3 3 3 3 3 3 3 3 3 3 3 3 3 3 3 3 3 3 3 3 3 3 3 3 3 3 3 3 3 3 3 3 3 3 3 3 3 3 3 3 3 3 3 3 3 3 3 3 3 3 3 3 3 3 3 3 3 3 3 3 3 3 3 3 3 3 3 3 3 3 3 3 3 3 3 3 3 3 3 3 3 3 3 3 3 3 3 3 3 3 3 3 3 3 3 3 3 3 3 3 3 3 3 3 3 3 3 3 3 3 3 3 3 3 3 3 3 3 3 3 3 3 3 3 3 3 3 3 3 3 3 3 3 3 3 3 3 3 3 3 3 3 3 3 3 3 3 3 3 3 3 3 3 3 3 3 3 3 3 3 3 3 3 3 3 3 3 3 3 3 3 3 3 3 3 3 3 3 3 3 3 3 3 3 3 3 3 3 3 3 3 3 3 3 3 3 3 3 3 3 3 3 3 3 3 3 3 3 3 3 3 3 3 3 3 3 3 3 3 3 3 3 3 3 3 3 3 3 3 3 3 3 3 3 3 3 3 3 3 3 3 3 3 3 3 3 3 3 3 3 3 3 3 3 3 3 3 3 3 3 3 3 3 3 3 3 3 3 3 3 3 3 3 3 3 3 3 3 3 3 3 3 3 3 3 3 3 3 3 3 3 3 3 3 3 3 3 3 3 3 3 3 3 3 3 3 3 3 3 3 3 3 3 3 3 3 3 3 3 3 3 3 3 3 3 3 3 3 3 3 3 3 3 3 3 3 3 3 3 3 3 3 3 3 3 3 3 3 3 3 3 3 3 3 3 3 3 3 3 3 3 3 3 3 3 3 3 3 3 3 3 3 3 3 3 3 3 3 3 3 3 3 3 3 3 3 3 3 3 3 3 3 3 3 3 3 3 3 3 3 3 3 3 3 3 3 3 3 3 3 3 3 3 3 3 3 3 3 3 3 3 3 3 3 3 3 3 3 3 3 3 3 3 3 3 3 3 3 3 3 3 3 3 3 3 3 3 3 3 3 3 3 3 3 3 3 3 3 3 3 3 3 3 3 3 3 3 3 3 3 3 3 3 3 3 3 3 3 3 3 3 3 3 3 3 3 3 3 3 3 3 3 3 3 3 3 3 3 3 3 3 3 3 3 3 3 3 3 3 3 3 3 3 3 3 3 3 3 3 3 3 3 3 3 3 3 
13 13 13 13 13 13 13 13 13 13 13 13 13 13 13 13 13 13 13 13 13 13 13 13 13 13 13 13 13 13 13 13 13 13 13 13 13 13 13 13 13 13 13 13 13 13 13 13 13 13 13 13 13 13 13 13 13 13 13 13 13 13 13 13 13 13 13 13 13 13 13 13 13 13 13 13 13 13 13 13 13 13 13 13 13 13 13 13 13 13 13 13 13 13 13 13 13 13 13 13 13 13 13 13 13 13 13 13 13 13 13 13 13 13 13 13 13 13 13 13 13 13 13 13 13 13 13 13 13 13 13 13 13 13 13 13 13 13 13 13 13 13 13 13 13 13 13 13 13 13 13 13 13 13 13 13 13 13 13 13 13 13 13 13 13 13 13 13 13 13 13 13 13 13 13 13 13 13 13 13 13 13 13 13 13 13 13 13 13 13 13 13 13 13 13 13 13 13 13 13 13 13 13 13 13 13 13 13 13 13 13 13 13 13 13 13 13 13 13 13 13 13 13 13 13 13 13 13 13 13 13 13 13 13 13 13 13 13 13 13 13 13 13 12 
73 208 1 
178 6 228 
73 47 119 
154 179 27 
85 90 10 
79 68 212 
13 180 61 
163 60 38 
29 185 74 
18 234 142 
108 225 174 
172 232 105 
205 9 226 
14 131 203 
190 36 16 
57 5 96 
51 166 40 
124 19 65 
71 66 86 
88 137 195 
31 185 227 
222 55 136 
11 80 133 
168 56 12 
84 209 48 
1 63 83 
42 236 51 
99 112 121 
200 111 37 
197 206 113 
165 162 8 
122 132 229 
51 242 183 
244 54 99 
7 9 241 
18 91 138 
39 81 224 
74 162 156 
142 80 239 
244 58 236 
33 50 21 
158 17 224 
226 207 62 
153 55 68 
41 187 135 
228 170 3 
135 145 148 
6 108 99 
30 215 154 
131 84 125 
46 234 217 
9 186 113 
43 117 214 
217 89 10 
200 238 229 
165 12 93 
17 161 108 
49 176 61 
62 194 21 
55 145 201 
119 34 54 
18 168 204 
100 129 3 
222 243 189 
214 48 57 
64 178 205 
180 18 7 
212 30 174 
150 100 89 
12 123 129 
1 57 159 
62 229 63 
103 231 198 
49 141 118 
180 4 2 
221 237 150 
131 156 161 
69 140 119 
137 140 123 
240 70 211 
28 24 227 
174 176 58 
121 78 51 
19 225 14 
200 51 186 
52 122 38 
152 157 161 
126 166 117 
52 227 191 
38 53 138 
181 40 55 
177 49 95 
61 41 167 
73 139 239 
219 27 222 
167 56 81 
192 209 163 
103 194 55 
184 243 121 
135 153 144 
61 164 86 
82 225 112 
152 101 193 
240 199 29 
139 175 79 
197 50 164 
87 78 14 
216 71 60 
73 70 49 
184 192 34 
87 96 26 
207 160 225 
230 110 104 
16 54 203 
200 58 27 
141 229 66 
76 53 22 
229 239 110 
169 126 241 
216 128 87 
206 50 15 
134 95 198 
214 219 210 
151 22 115 
22 136 238 
234 209 151 
134 101 77 
147 202 139 
141 191 219 
235 3 215 
152 29 235 
179 199 66 
32 162 23 
25 127 141 
179 82 194 
13 119 10 
153 64 155 
180 120 211 
2 178 146 
12 39 243 
30 84 25 
77 177 226 
188 133 150 
110 241 188 
184 9 233 
64 137 104 
215 115 184 
218 135 4 
146 140 121 
97 31 99 
203 119 211 
20 11 197 
156 86 49 
94 67 243 
135 160 192 
47 125 68 
162 50 188 
138 114 156 
32 213 14 
5 220 126 
62 158 120 
90 233 86 
131 114 39 
132 170 198 
79 206 59 
17 47 135 
204 131 167 
144 116 164 
147 213 143 
88 207 198 
106 47 29 
54 220 24 
209 107 73 
111 120 149 
98 135 213 
167 148 42 
177 115 187 
2 87 136 
72 57 208 
45 105 203 
233 222 106 
87 145 170 
175 242 60 
236 60 67 
11 207 229 
181 41 208 
193 48 8 
8 241 143 
149 212 215 
115 189 214 
72 16 110 
117 33 233 
165 44 61 
59 182 124 
8 103 83 
220 147 42 
20 139 215 
66 170 194 
140 26 141 
127 57 192 
98 157 75 
228 38 168 
32 132 196 
210 113 151 
35 142 28 
55 53 244 
160 7 65 
20 16 171 
204 184 127 
107 34 116 
198 226 191 
112 169 21 
182 164 54 
59 232 45 
27 157 87 
19 118 166 
43 179 29 
25 123 20 
236 171 189 
186 134 195 
70 153 123 
201 101 19 
205 81 168 
199 90 78 
116 86 200 
19 182 26 
97 76 160 
199 127 206 
211 50 231 
44 184 23 
71 98 72 
130 2 237 
142 22 178 
237 11 27 
120 207 37 
128 85 130 
115 5 25 
53 70 237 
5 91 189 
14 27 104 
172 102 186 
65 165 79 
42 223 16 
88 133 83 
176 219 201 
203 221 83 
64 52 22 
4 157 164 
221 230 84 
7 200 22 
222 82 168 
30 49 221 
81 231 98 
154 152 90 
235 41 166 
173 111 1 
181 128 159 
7 230 232 
65 190 10 
9 65 240 
181 198 140 
206 98 140 
36 169 93 
233 35 23 
206 196 239 
180 93 242 
103 214 101 
235 84 178 
98 202 217 
22 6 216 
11 92 196 
65 23 96 
94 75 215 
20 214 224 
77 96 175 
203 60 125 
38 40 216 
206 73 80 
154 69 235 
72 69 48 
179 7 207 
53 212 232 
101 169 71 
236 208 111 
94 82 85 
146 176 79 
114 172 198 
243 139 49 
193 198 177 
11 15 6 
174 45 199 
50 167 20 
171 62 76 
220 38 144 
47 171 242 
152 143 68 
103 238 12 
94 47 78 
31 74 169 
110 114 204 
241 40 67 
41 148 171 
99 232 177 
242 130 166 
82 171 51 
56 226 126 
193 3 86 
8 224 44 
71 133 195 
157 208 156 
156 142 212 
83 117 22 
102 219 139 
149 24 63 
12 90 215 
21 232 187 
7 83 149 
50 34 190 
205 188 25 
102 218 230 
59 202 17 
118 116 102 
242 112 65 
63 10 145 
44 121 241 
228 118 149 
64 85 244 
154 119 42 
223 227 122 
89 26 227 
120 92 224 
105 6 4 
92 178 148 
221 25 109 
145 159 214 
9 150 34 
90 54 107 
32 78 243 
93 171 172 
238 102 170 
68 227 230 
117 103 87 
199 95 33 
169 235 209 
184 237 72 
163 31 142 
174 186 237 
177 197 127 
40 169 13 
188 176 27 
199 91 25 
37 100 218 
115 94 96 
39 5 226 
155 175 217 
230 100 116 
125 77 215 
42 61 10 
156 13 64 
189 179 57 
184 36 113 
192 28 225 
94 160 99 
102 211 160 
213 207 15 
127 24 158 
182 31 177 
108 213 172 
161 102 23 
124 230 143 
202 174 72 
56 59 114 
154 158 168 
221 62 216 
39 95 161 
63 90 159 
185 162 126 
98 169 47 
166 102 237 
52 205 216 
196 58 17 
71 109 158 
205 127 71 
241 97 238 
53 130 211 
16 204 118 
152 113 31 
199 159 146 
212 170 192 
91 20 148 
221 8 46 
60 136 6 
147 90 133 
67 52 129 
128 190 109 
155 200 203 
75 193 31 
85 97 206 
7 217 41 
238 233 167 
183 200 134 
101 119 68 
66 218 131 
134 223 231 
121 28 97 
145 36 79 
48 173 23 
130 241 123 
94 29 166 
202 67 208 
158 97 105 
5 134 46 
99 122 207 
44 69 191 
239 26 159 
105 73 96 
83 175 44 
195 1 153 
216 240 236 
85 32 164 
196 89 9 
218 186 49 
43 209 197 
38 240 4 
34 187 75 
163 244 149 
196 232 124 
205 88 244 
88 104 211 
54 62 232 
243 212 42 
1 234 190 
89 204 23 
121 209 50 
87 132 192 
63 56 147 
194 3 41 
222 225 241 
41 21 242 
195 147 203 
186 80 180 
139 111 166 
88 84 97 
140 128 211 
116 236 106 
171 230 157 
168 179 125 
33 158 81 
114 74 236 
159 244 21 
164 213 109 
87 152 131 
18 10 173 
207 165 242 
234 163 98 
55 104 187 
193 205 45 
210 132 17 
150 137 55 
90 149 81 
183 89 231 
240 111 201 
56 54 201 
36 216 174 
114 60 96 
183 80 3 
122 240 16 
39 210 87 
4 106 202 
5 15 160 
93 35 32 
26 43 105 
10 74 146 
233 185 142 
165 144 83 
97 1 181 
18 195 220 
227 159 20 
232 80 100 
72 5 169 
43 112 66 
68 114 52 
95 175 76 
29 176 226 
19 139 189 
19 58 138 
136 62 204 
183 32 130 
45 172 128 
37 201 113 
210 65 31 
74 224 142 
95 160 113 
143 100 127 
30 220 224 
244 156 28 
91 185 12 
145 209 117 
104 4 96 
117 148 123 
172 24 3 
135 120 183 
243 129 37 
226 202 40 
95 211 137 
67 58 229 
63 117 77 
108 234 214 
181 209 70 
154 150 28 
141 35 217 
112 64 31 
4 93 160 
220 167 196 
46 68 190 
124 64 184 
88 101 138 
92 164 243 
163 53 43 
227 44 213 
56 57 20 
69 186 147 
36 70 13 
113 139 229 
185 104 234 
76 183 240 
76 241 235 
16 187 136 
99 1 201 
210 73 141 
48 162 201 
132 151 121 
161 186 173 
101 219 41 
242 46 2 
42 100 79 
103 49 151 
80 45 115 
131 183 123 
151 50 30 
189 93 11 
67 124 163 
26 146 37 
168 44 211 
191 101 27 
207 85 193 
17 177 181 
138 153 11 
118 128 33 
109 197 228 
175 137 112 
14 204 24 
105 218 161 
88 135 134 
178 190 73 
186 59 153 
236 62 185 
125 199 32 
15 78 36 
239 197 200 
223 4 147 
21 106 48 
91 140 124 
113 190 147 
238 50 159 
126 219 18 
35 60 81 
197 8 92 
111 109 8 
104 191 178 
155 79 107 
24 77 27 
45 157 77 
34 161 196 
72 178 94 
38 2 94 
75 111 69 
208 135 8 
33 144 26 
223 110 21 
66 202 182 
144 198 108 
17 128 221 
238 21 184 
71 222 199 
92 123 166 
13 72 75 
218 117 91 
85 53 191 
143 129 138 
223 234 96 
196 107 8 
114 189 3 
14 128 149 
56 1 28 
26 127 155 
25 76 58 
18 154 166 
168 66 51 
11 52 48 
16 84 94 
134 34 151 
185 95 75 
133 97 142 
154 81 230 
13 82 153 
174 170 182 
225 84 130 
194 141 237 
122 108 82 
119 44 116 
180 42 19 
63 197 213 
110 61 38 
88 188 2 
231 78 174 
61 132 107 
176 15 129 
145 112 189 
75 150 86 
124 195 12 
83 99 194 
7 86 31 
158 15 48 
185 47 221 
28 69 194 
35 212 136 
145 182 43 
80 51 218 
122 150 27 
107 210 133 
18 189 155 
152 146 25 
36 192 191 
43 128 164 
205 1 120 
203 37 235 
67 82 105 
159 86 41 
148 228 56 
167 216 109 
58 180 240 
23 39 24 
126 55 223 
154 108 129 
149 137 234 
188 91 39 
151 165 177 
89 118 155 
188 129 183 
202 194 107 
53 182 162 
14 217 122 
231 75 17 
242 3 74 
227 179 155 
119 150 32 
126 111 61 
123 167 30 
59 93 239 
44 125 181 
89 103 29 
105 121 157 
120 162 137 
115 168 181 
222 124 187 
163 46 206 
79 209 15 
69 212 85 
172 47 75 
221 219 190 
143 108 7 
59 65 176 
170 33 78 
113 214 26 
193 33 141 
148 29 141 
146 244 195 
85 144 178 
214 77 14 
17 51 101 
71 139 13 
223 173 155 
72 42 70 
6 122 119 
228 158 162 
2 236 40 
187 30 64 
118 142 146 
88 239 180 
46 86 37 
71 67 6 
37 217 68 
152 223 195 
203 70 118 
110 52 39 
218 74 180 
2 69 106 
57 124 175 
164 196 38 
218 92 206 
112 153 240 
60 177 100 
118 52 109 
110 170 9 
140 126 131 
114 108 23 
33 130 6 
74 93 105 
134 144 191 
152 204 46 
111 35 150 
183 102 106 
106 121 205 
56 53 67 
215 82 35 
62 92 24 
89 225 230 
19 140 60 
233 54 195 
40 63 19 
66 129 175 
52 78 40 
190 208 148 
116 243 45 
109 225 129 
143 55 76 
80 163 91 
125 138 110 
187 81 10 
2 204 112 
103 233 130 
208 239 74 
216 158 173 
34 13 48 
167 165 235 
5 98 106 
235 228 126 
133 228 104 
125 219 9 
179 132 24 
172 182 133 
171 57 13 
162 148 229 
198 77 219 
84 28 80 
173 231 116 
107 84 238 
99 225 45 
123 90 116 
10 172 194 
192 76 100 
170 95 215 
151 6 156 
79 57 51 
130 222 144 
227 224 176 
81 3 22 
133 238 149 
226 91 217 
47 188 15 
33 224 155 
233 36 157 
30 173 98 
137 222 65 
12 32 138 
144 35 58 
54 136 160 
165 66 173 
30 92 181 
187 15 83 
157 29 28 
89 220 45 
161 220 46 
16 70 96 
107 191 4 
163 176 95 
103 136 137 
201 9 100 
223 229 174 
64 132 226 
239 18 179 
224 234 125 
202 43 109 
208 136 213 
40 43 232 
58 46 117 
63 220 106 
70 39 132 
49 161 231 
21 210 228 
59 212 213 
120 122 143 
34 217 115 
156 25 210 
210 14 143 
11 175 146 
147 104 76 
20 35 36 
23 134 61 
120 115 73 
127 171 59 
193 22 173 
165 68 145 
77 192 153 
131 197 182 
102 93 69 
231 12 201 
200 151 138 
92 193 97 
237 37 169 
78 237 5 
188 185 82 
31 52 35 
33 38 20 
233 143 10 
209 23 146 
133 159 179 
235 87 116 
50 58 93 
194 120 68 
191 231 66 
99 89 111 
85 215 174 
5 232 22 
155 1 60 
229 48 60 
168 52 196 
217 209 218 
191 244 161 
155 97 177 
112 19 223 
100 33 71 
13 3 154 
217 164 153 
81 148 122 
26 147 167 
43 92 180 
237 131 103 
98 120 82 
55 106 50 
132 203 218 
172 123 19 
131 12 223 
225 186 211 
207 89 119 
205 158 189 
156 30 9 
11 129 46 
142 94 110 
229 187 193 
199 30 237 
222 11 38 
15 98 161 
39 7 189 
117 173 21 
125 144 137 
45 236 163 
119 79 239 
211 204 20 
136 47 46 
228 176 196 
195 17 165 
208 30 198 
165 94 182 
232 121 16 
205 202 175 
71 218 241 
191 139 176 
105 226 200 
224 195 27 
2 8 223 
103 51 156 
214 126 6 
87 244 124 
88 242 201 
190 212 157 
209 202 179 
116 227 160 
101 192 231 
149 56 217 
148 213 183 
137 84 241 
146 3 202 
99 75 118 
147 227 228 
233 108 211 
210 181 57 
190 58 95 
31 59 214 
74 61 101 
149 23 154 
21 91 109 
112 113 7 
221 102 26 
128 32 113 
145 198 40 
204 107 157 
112 16 147 
219 56 43 
234 133 14 
235 151 240 
115 76 27 
188 206 18 
111 55 90 
101 215 143 
119 77 50 
144 70 152 
94 77 109 
234 70 78 
197 192 40 
45 132 53 
23 219 170 
221 75 152 
187 167 44 
79 53 80 
186 100 48 
122 1 154 
183 31 58 
87 148 102 
145 138 136 
36 127 76 
207 162 184 
13 207 220 
189 166 153 
138 56 93 
73 164 84 
80 140 118 
108 42 64 
231 29 2 
128 6 78 
230 99 136 
96 32 169 
172 227 130 
35 67 77 
53 52 194 
234 66 73 
212 197 28 
9 93 214 
49 79 114 
203 219 184 
37 152 34 
11 139 114 
168 13 47 
15 100 229 
125 176 24 
178 51 162 
125 42 38 
171 90 240 
8 220 86 
210 216 44 
67 135 165 
149 129 98 
22 37 96 
226 186 244 
18 45 151 
66 69 139 
92 113 150 
239 224 35 
133 127 225 
210 34 126 
62 123 142 
24 69 175 
222 54 242 
88 131 213 
85 221 226 
3 118 7 
25 33 83 
17 95 179 
169 44 199 
32 71 62 
238 92 68 
59 86 242 
185 238 195 
208 201 129 
91 225 4 
201 43 68 
63 170 180 
4 236 72 
182 72 123 
121 6 29 
157 49 140 
144 127 185 
171 181 81 
182 134 82 
216 206 172 
63 102 42 
241 29 63 
228 121 222 
170 141 173 
9 55 16 
158 82 230 
160 128 40 
104 239 90 
2 126 73 
72 212 141 
37 166 1 
235 117 243 
135 103 204 
243 193 236 
28 110 146 
150 96 159 
111 178 105 
61 169 240 
36 5 183 
138 132 57 
69 70 188 
104 20 41 
178 137 134 
75 173 39 
130 14 49 
232 140 130 
181 65 54 
203 25 153 
12 27 216 
57 25 108 
78 220 200 
115 85 18 
8 80 65 
171 120 177 
17 145 163 
243 51 124 
134 109 142 
89 110 47 
22 230 74 
167 141 64 
81 233 28 
62 164 184 
106 192 175 
159 158 12 
168 60 15 
162 151 86 
10 206 238 
180 95 107 
48 163 76 
34 97 124 
105 174 24 
237 107 39 
21 160 166 
116 213 114 
36 67 215 
190 74 188 
122 155 199 
64 208 185 
83 61 26 
198 104 143 
135 177 19 
150 91 194 
65 193 106 
5 117 197 
174 187 224 
4 41 59 
156 41 83 
14 200 88 
196 10 97 
205 84 46 
115 161 54 
997 918 826 636 595 529 476 432 418 256 71 26 1 
995 930 872 731 698 687 615 576 535 232 178 139 75 
967 884 834 758 655 593 501 466 437 307 130 63 46 
1052 979 976 776 561 513 499 469 424 332 248 148 75 
1050 1005 825 812 737 480 470 412 354 239 237 160 16 
981 931 874 754 708 692 685 392 332 290 270 48 2 
967 894 855 672 623 399 317 281 258 250 207 67 35 
1019 950 872 592 578 569 568 391 308 195 188 187 31 
991 939 848 779 740 705 421 336 260 145 52 35 13 
1055 1033 816 751 730 473 453 358 324 259 136 54 5 
943 853 849 797 600 548 541 290 271 234 185 152 23 
1030 1015 844 808 766 621 497 315 297 140 70 56 24 
944 924 834 743 735 682 606 587 523 359 349 136 7 
1054 1011 901 796 680 653 594 552 240 159 107 84 14 
1031 945 854 771 761 668 624 618 559 470 365 290 121 
991 899 866 775 601 528 467 386 243 208 191 114 15 
1021 969 863 681 654 583 547 458 381 321 166 57 42 
1018 956 904 782 632 598 566 477 453 67 62 36 10 
1047 843 832 721 719 612 486 485 226 222 216 84 18 
1008 860 815 799 521 478 390 292 274 218 208 197 152 
1039 893 856 791 584 580 562 450 439 316 212 59 41 
1025 954 825 803 758 312 270 250 247 233 125 124 117 
913 892 817 800 707 643 433 407 369 272 264 230 133 
1037 963 946 741 717 643 572 552 501 366 314 172 81 
1016 1014 968 795 633 597 351 334 319 237 218 141 134 
1045 895 837 675 596 579 543 472 415 330 226 199 111 
1015 903 871 630 572 545 350 240 234 215 115 95 4 
1027 1001 938 772 746 626 595 510 496 405 362 205 81 
988 981 930 772 677 662 484 409 217 171 131 104 9 
864 852 848 770 764 688 659 540 495 252 141 68 49 
919 890 814 623 512 491 397 387 367 346 299 150 21 
971 933 896 766 657 558 488 471 420 338 203 159 133 
968 833 815 762 708 676 674 579 549 448 343 192 41 
1036 961 942 794 735 602 574 425 336 318 210 110 61 
959 935 814 799 767 716 712 627 567 511 471 264 205 
1041 1005 922 799 763 634 559 523 464 406 361 263 15 
997 954 942 811 693 691 637 543 503 490 352 235 29 
948 853 815 700 614 576 424 294 277 202 90 86 8 
1038 1010 855 789 696 647 643 468 375 354 163 140 37 
993 911 897 786 723 721 687 504 349 301 277 91 17 
1053 1052 1008 639 534 439 437 399 302 255 186 93 45 
987 948 929 684 612 536 431 358 328 243 196 176 27 
977 900 838 786 784 635 628 519 481 472 423 217 53 
970 951 915 661 611 544 520 417 414 325 308 230 193 
956 912 858 773 749 725 573 538 489 457 291 214 180 
1056 861 849 787 774 711 691 667 535 515 412 391 51 
1024 944 861 761 670 625 378 298 295 171 166 156 3 
1035 917 827 735 624 600 562 531 407 280 187 65 25 
1011 982 940 790 537 422 288 252 153 109 92 74 58 
907 841 820 565 540 434 318 292 229 157 121 106 41 
1022 947 873 755 681 629 599 305 85 83 33 27 17 
936 828 814 723 704 696 600 482 394 380 247 89 86 
936 916 912 715 652 589 519 385 282 238 206 117 90 
1057 1013 964 768 720 463 430 337 213 172 114 61 34 
991 905 841 727 644 459 456 206 98 91 60 44 22 
926 900 881 715 640 595 521 463 436 372 306 96 24 
1016 1006 888 755 743 699 521 360 200 179 71 65 16 
919 889 820 787 767 642 597 506 486 381 115 82 40 
1052 973 890 802 792 673 660 556 372 321 214 194 165 
1031 827 826 719 703 567 465 392 276 184 183 108 8 
1045 1004 891 800 658 617 614 358 193 101 93 58 7 
1028 971 962 717 557 487 430 374 293 161 72 59 43 
988 987 978 788 721 613 507 436 376 324 314 72 26 
1044 1026 929 781 688 516 512 359 327 247 146 137 66 
1049 1019 1013 765 673 491 323 272 260 259 242 207 18 
957 937 822 769 722 599 581 481 403 198 132 116 19 
1041 952 935 715 692 638 542 506 410 394 301 184 154 
977 972 821 804 693 515 482 402 341 296 156 44 6 
1007 963 957 807 698 669 626 577 522 414 280 279 78 
1007 910 908 789 775 695 684 523 509 238 221 109 80 
971 868 833 692 682 585 383 382 309 283 231 108 19 
996 980 979 684 587 575 480 371 345 280 231 191 179 
995 937 927 801 555 530 416 278 173 109 94 3 1 
1042 1025 891 733 709 697 655 492 473 449 299 38 9 
1010 914 885 670 654 620 603 587 577 425 397 273 201 
1035 922 903 798 752 727 597 527 526 483 293 227 117 
935 909 907 805 745 680 573 572 507 357 275 142 127 
1017 931 910 812 723 674 616 559 338 298 224 107 83 
940 916 859 755 668 571 536 406 286 242 165 105 6 
1019 928 916 746 728 629 538 479 466 441 278 39 23 
1027 984 836 758 730 605 567 460 448 253 223 96 37 
992 985 840 813 716 638 610 606 305 285 251 135 102 
1053 1045 968 771 622 475 417 317 312 246 244 195 26 
1056 927 883 748 746 608 601 443 268 249 141 50 25 
1018 966 824 679 669 589 546 420 398 327 285 236 5 
1032 973 950 691 639 623 620 307 225 162 153 101 19 
920 875 819 468 452 435 342 215 182 178 120 111 107 
1054 965 876 690 615 554 517 443 429 428 244 170 20 
1024 846 823 773 718 662 649 461 433 421 330 69 54 
994 949 905 750 460 393 376 337 315 254 224 162 5 
1048 976 893 760 728 647 588 563 497 390 351 239 36 
972 958 838 810 770 717 701 586 568 518 333 331 271 
939 926 820 807 709 660 541 513 471 339 266 263 56 
909 865 850 601 576 575 409 363 353 298 285 273 154 
1034 969 889 777 753 603 505 493 483 375 343 122 92 
1002 954 933 775 591 499 465 416 353 275 272 111 16 
1055 1036 831 810 604 476 443 411 405 398 384 227 150 
953 854 840 764 737 455 378 269 262 253 231 201 175 
932 885 823 749 622 529 413 363 303 150 48 34 28 
945 917 833 779 752 703 536 494 479 356 352 69 63 
906 891 880 681 545 534 517 402 283 267 222 127 103 
987 920 895 807 713 379 369 364 340 322 320 313 241 
999 873 839 778 732 662 537 342 297 267 195 98 73 
1046 1008 994 798 739 570 525 499 456 429 240 146 113 
1037 1003 870 709 663 638 553 472 416 411 332 180 12 
1049 1029 841 788 737 714 713 698 562 469 445 181 171 
1038 1034 898 776 748 651 631 617 592 571 337 210 173 
1016 929 887 707 672 645 610 582 508 368 57 48 11 
1023 909 893 784 726 704 641 569 550 451 395 382 334 
1024 1001 850 729 705 696 614 580 300 191 144 118 113 
1003 905 823 712 658 577 569 462 442 284 256 174 29 
899 894 832 731 702 619 551 512 481 323 212 102 28 
958 896 894 675 564 524 493 490 387 361 204 52 30 
1040 943 940 707 593 482 465 449 372 300 287 163 158 
1057 1018 903 801 794 665 538 353 237 190 177 147 124 
1040 879 819 750 747 725 611 445 356 322 225 210 168 
1050 998 856 787 588 507 500 498 342 312 192 88 53 
967 928 885 704 695 689 649 549 386 326 322 216 74 
907 859 846 685 657 611 402 328 151 136 78 61 3 
1020 840 821 801 793 664 636 502 331 235 174 161 138 
989 981 866 714 663 532 434 405 325 149 99 83 28 
1043 918 836 793 685 653 630 610 467 413 329 86 32 
980 962 843 750 659 586 539 500 408 221 218 79 70 
1036 1022 875 699 666 621 563 542 516 427 370 194 18 
948 946 857 783 740 729 661 558 447 357 276 156 50 
995 961 874 738 706 658 644 566 377 306 160 119 88 
983 960 922 802 596 494 383 366 348 228 209 200 134 
993 931 896 635 594 583 549 489 444 395 257 236 120 
975 953 849 726 722 650 645 618 590 503 394 70 63 
1012 1011 934 756 732 708 608 488 408 385 304 236 232 
965 844 839 806 706 539 452 403 167 163 77 50 14 
1006 912 842 789 781 741 617 532 458 435 203 164 32 
960 901 818 759 742 739 631 604 393 309 244 143 23 
1023 1009 985 800 710 602 554 412 404 401 220 127 122 
1047 999 952 578 554 502 175 166 155 148 100 47 45 
932 921 861 785 778 768 627 528 487 392 178 125 22 
1009 883 857 778 765 664 646 551 505 459 146 79 20 
1006 926 921 809 766 729 590 548 517 486 158 90 36 
957 943 869 682 524 485 442 313 288 197 128 105 94 
1012 982 928 719 706 563 444 262 261 199 149 79 78 
1026 996 990 677 676 609 530 511 199 134 129 116 74 
1023 962 850 689 604 492 474 346 311 233 205 39 10 
1046 906 816 796 793 727 672 590 494 370 296 188 169 
983 908 857 767 756 710 679 582 579 475 294 168 100 
1021 921 897 804 628 619 498 406 335 324 182 60 47 
1001 884 817 797 689 678 633 543 473 388 286 149 139 
899 886 837 798 564 561 522 440 436 393 196 169 128 
920 882 836 744 724 677 640 500 390 333 302 176 47 
953 892 881 759 646 594 460 426 326 317 314 189 174 
1048 1002 958 712 657 630 620 510 459 336 143 76 69 
1032 956 902 809 754 648 602 540 537 532 204 126 124 
942 914 908 711 694 633 452 387 296 254 131 103 87 
1014 925 835 805 702 606 556 548 418 221 137 100 44 
918 892 834 645 605 598 510 373 328 279 254 49 4 
1043 831 826 762 683 656 649 632 596 571 396 355 137 
1053 873 848 795 754 496 359 311 310 158 153 77 38 
982 898 877 772 763 663 573 446 310 248 215 201 87 
1030 992 847 734 686 624 448 411 382 373 366 161 42 
1030 1002 818 639 565 478 450 415 388 376 335 257 71 
1039 993 879 768 513 493 470 364 363 227 207 155 112 
1057 854 830 790 774 574 553 533 375 369 87 77 57 
1032 947 923 744 686 664 652 531 377 157 133 38 31 
1035 1021 858 777 728 667 542 519 455 426 346 97 8 
1028 927 835 700 635 518 451 420 248 213 168 106 101 
952 865 863 804 769 736 648 475 454 242 193 56 31 
1039 997 925 598 586 442 409 379 304 255 216 88 17 
1026 915 837 736 659 641 514 400 292 176 167 96 93 
1031 944 828 665 599 544 447 373 251 223 202 62 24 
1004 970 933 811 480 378 349 344 299 283 263 212 119 
990 978 913 753 705 674 607 389 340 198 182 164 46 
1020 984 949 802 743 446 339 305 302 295 293 219 208 
986 934 843 751 742 670 501 489 368 339 287 241 12 
1010 990 856 803 769 764 747 734 683 533 453 407 256 
1051 1037 824 780 616 607 464 371 347 291 82 68 11 
1029 963 867 797 722 699 551 483 417 355 275 183 105 
946 869 862 777 757 673 618 484 350 286 245 82 58 
1047 1020 831 703 648 547 367 348 303 289 177 142 92 
1009 1003 947 679 575 570 555 333 268 233 139 66 2 
969 878 818 782 741 656 447 360 281 217 135 132 4 
1034 978 838 697 690 642 612 441 266 138 75 67 7 
1013 984 888 770 665 661 547 509 476 261 257 186 91 
985 980 865 806 742 652 628 607 581 367 226 213 194 
1005 919 882 713 650 539 526 502 488 466 461 401 33 
1028 941 923 584 516 361 345 230 209 147 145 110 99 
1044 983 974 813 625 603 557 525 497 474 377 21 9 
955 917 845 556 533 522 441 422 347 241 220 85 52 
1051 915 851 771 730 688 666 528 456 425 316 177 45 
1042 1007 904 813 761 650 647 615 350 319 157 144 143 
925 855 847 632 619 593 541 485 360 239 219 190 64 
1042 889 877 724 671 564 555 515 432 395 318 259 15 
869 830 822 776 710 634 589 570 545 414 211 129 89 
1029 911 880 805 752 634 435 389 362 200 155 110 97 
1049 1000 851 810 803 676 546 457 397 307 289 187 103 
1048 936 821 751 651 626 622 609 437 198 135 98 59 
974 871 863 720 694 678 621 477 440 418 309 220 20 
1055 862 828 700 592 574 514 427 421 381 271 265 203 
1050 938 911 806 613 568 560 550 423 348 152 106 30 
1046 897 864 745 582 289 287 261 211 170 164 122 73 
1043 970 852 585 558 388 351 343 291 228 224 132 104 
1054 1017 870 809 560 401 396 250 225 115 85 55 29 
977 975 876 808 779 531 529 490 463 462 245 222 60 
884 878 867 784 651 581 504 469 410 371 321 269 128 
1014 941 842 695 637 440 396 276 246 180 151 114 14 
999 898 860 731 711 552 487 433 386 300 209 167 62 
1056 867 847 714 636 457 428 383 380 319 223 66 13 
1033 986 904 701 667 398 278 265 262 228 165 121 30 
924 923 846 546 454 413 365 281 235 185 170 112 43 
1044 975 864 785 733 724 578 410 310 284 186 179 1 
878 829 817 668 509 498 434 423 344 173 126 97 25 
961 951 888 796 795 791 631 530 491 468 458 204 123 
887 860 845 544 505 444 429 385 364 229 151 138 80 
996 938 877 792 669 627 431 389 311 282 189 68 6 
1040 965 882 792 785 613 520 451 368 365 175 169 159 
939 890 874 680 675 508 335 274 267 190 123 65 53 
1041 906 824 753 716 357 315 273 197 189 147 130 49 
1015 986 951 734 641 464 419 380 374 277 270 120 108 
881 835 829 794 760 693 653 511 399 355 269 54 51 
868 842 829 701 697 629 588 553 422 403 352 320 148 
941 913 900 745 740 671 566 534 313 245 129 123 95 
1017 950 924 788 774 773 514 495 477 294 196 172 160 
966 914 895 671 625 583 391 374 334 252 249 246 76 
989 964 853 765 756 666 585 438 251 181 95 64 22 
872 844 832 780 694 683 644 591 580 561 404 329 243 
1051 959 871 783 762 757 495 492 331 308 274 42 37 
976 960 845 749 726 718 608 438 362 112 102 84 11 
966 955 870 781 760 504 484 354 306 211 142 43 13 
934 886 879 757 656 520 478 341 330 329 89 81 21 
989 886 862 791 739 738 686 640 550 326 202 46 2 
945 851 827 780 744 524 506 185 118 116 72 55 32 
1025 992 932 718 605 446 370 356 341 320 258 249 113 
930 880 822 808 790 747 654 616 461 404 253 229 73 
1012 866 825 786 479 430 427 316 303 282 258 214 12 
1027 887 816 763 732 720 474 400 264 192 181 162 145 
937 910 901 783 646 591 525 508 455 432 126 51 10 
998 902 819 738 736 637 527 344 279 268 255 131 130 
1000 979 858 687 557 449 445 419 284 219 184 40 27 
1038 852 839 812 811 609 379 347 345 238 234 232 76 
1033 974 972 759 748 584 565 400 384 340 297 125 55 
994 959 859 782 733 690 660 560 415 265 118 94 39 
1004 949 902 702 642 526 467 462 424 419 260 104 80 
988 883 868 527 438 408 384 325 301 188 144 119 35 
973 964 876 655 535 454 439 323 304 295 266 183 33 
1022 1000 998 725 518 503 431 338 288 154 140 99 64 
955 875 830 678 496 450 428 426 327 206 40 34 0 
