1057 244
3 13
3 3 3 3 3 3 3 3 3 3 3 3 3 3 3 3 3 3 3 3 3 3 3 3 3 3 3 3 3 3 3 3 3 3 3 3 3 3 3 3 3 3 3 3 3 3 3 3 3 3 3 3 3 3 3 3 3 3 3 3 3 3 3 3 3 3 3 3 3 3 3 3 3 3 3 3 3 3 3 3 3 3 3 3 3 3 3 3 3 3 3 3 3 3 3 3 3 3 3 3 3 3 3 3 3 3 3 3 3 3 3 3 3 3 3 3 3 3 3 3 3 3 3 3 3 3 3 3 3 3 3 3 3 3 3 3 3 3 3 3 3 3 3 3 3 3 3 3 3 3 3 3 3 3 3 3 3 3 3 3 3 3 3 3 3 3 3 3 3 3 3 3 3 3 3 3 3 3 3 3 3 3 3 3 3 3 3 3 3 3 3 3 3 3 3 3 3 3 3 3 3 3 3 3 3 3 3 3 3 3 3 3 3 3 3 3 3 3 3 3 3 3 3 3 3 3 3 3 3 3 3 3 3 3 3 3 3 3 3 3 3 3 3 3 3 3 3 3 3 3 3 3 3 3 3 3 3 3 3 3 3 3 3 3 3 3 3 3 3 3 3 3 3 3 3 3 3 3 3 3 3 3 3 3 3 3 3 3 3 3 3 3 3 3 3 3 3 3 3 3 3 3 3 3 3 3 3 3 3 3 3 3 3 3 3 3 3 3 3 3 3 3 3 3 3 3 3 3 3 3 3 3 3 3 3 3 3 3 3 3 3 3 3 3 3 3 3 3 3 3 3 3 3 3 3 3 3 3 3 3 3 3 3 3 3 3 3 3 3 3 3 3 3 3 3 3 3 3 3 3 3 3 3 3 3 3 3 3 3 3 3 3 3 3 3 3 3 3 3 3 3 3 3 3 3 3 3 3 3 3 3 3 3 3 3 3 3 3 3 3 3 3 3 3 3 3 3 3 3 3 3 3 3 3 3 3 3 3 3 3 3 3 3 3 3 3 3 3 3 3 3 3 3 3 3 3 3 3 3 3 3 3 3 3 3 3 3 3 3 3 3 3 3 3 3 3 3 3 3 3 3 3 3 3 3 3 3 3 3 3 3 3 3 3 3 3 3 3 3 3 3 3 3 3 3 3 3 3 3 3 3 3 3 3 3 3 3 3 3 3 3 3 3 3 3 3 3 3 3 3 3 3 3 3 3 3 3 3 3 3 3 3 3 3 3 3 3 3 3 3 3 3 3 3 3 3 3 3 3 3 3 3 3 3 3 3 3 3 3 3 3 3 3 3 3 3 3 3 3 3 3 3 3 3 3 3 3 3 3 3 3 3 3 3 3 3 3 3 3 3 3 3 3 3 3 3 3 3 3 3 3 3 3 3 3 3 3 3 3 3 3 3 3 3 3 3 3 3 3 3 3 3 3 3 3 3 3 3 3 3 3 3 3 3 3 3 3 3 3 3 3 3 3 3 3 3 3 3 3 3 3 3 3 3 3 3 3 3 3 3 3 3 3 3 3 3 3 3 3 3 3 3 3 3 3 3 3 3 3 3 3 3 3 3 3 3 3 3 3 3 3 3 3 3 3 3 3 3 3 3 3 3 3 3 3 3 3 3 3 3 3 3 3 3 3 3 3 3 3 3 3 3 3 3 3 3 3 3 3 3 3 3 3 3 3 3 3 3 3 3 3 3 3 3 3 3 3 3 3 3 3 3 3 3 3 3 3 3 3 3 3 3 3 3 3 3 3 3 3 3 3 3 3 3 3 3 3 3 3 3 3 3 3 3 3 3 3 3 3 3 3 3 3 3 3 3 3 3 3 3 3 3 3 3 3 3 3 3 3 3 3 3 3 3 3 3 3 3 3 3 3 3 3 3 3 3 3 3 3 3 3 3 3 3 3 3 3 3 3 3 3 3 3 3 3 3 3 3 3 3 3 3 3 3 3 3 3 3 3 3 3 3 3 3 3 3 3 3 3 3 3 3 3 3 3 3 3 3 3 3 3 3 3 3 3 3 3 3 3 3 3 3 3 3 3 3 3 3 3 3 3 3 3 3 3 3 3 3 3 3 3 3 3 3 3 3 3 3 3 3 3 3 3 3 3 3 3 3 3 3 3 3 3 3 3 3 3 3 3 3 3 3 3 3 3 3 3 3 3 3 3 3 3 3 3 3 3 3 3 3 3 3 3 3 3 3 3 3 3 3 3 3 3 3 3 3 3 3 3 3 3 3 3 3 3 3 3 3 3 3 3 3 3 3 3 3 3 3 3 3 3 3 3 3 3 3 3 3 3 3 3 3 3 3 3 3 3 3 3 3 3 3 3 3 3 3 3 3 3 3 3 3 3 3 3 3 3 3 3 3 3 3 3 3 3 3 3 
13 13 13 13 13 13 13 13 13 13 13 13 13 13 13 13 13 13 13 13 13 13 13 13 13 13 13 13 13 13 13 13 13 13 13 13 13 13 13 13 13 13 13 13 13 13 13 13 13 13 13 13 13 13 13 13 13 13 13 13 13 13 13 13 13 13 13 13 13 13 13 13 13 13 13 13 13 13 13 13 13 13 13 13 13 13 13 13 13 13 13 13 13 13 13 13 13 13 13 13 13 13 13 13 13 13 13 13 13 13 13 13 13 13 13 13 13 13 13 13 13 13 13 13 13 13 13 13 13 13 13 13 13 13 13 13 13 13 13 13 13 13 13 13 13 13 13 13 13 13 13 13 13 13 13 13 13 13 13 13 13 13 13 13 13 13 13 13 13 13 13 13 13 13 13 13 13 13 13 13 13 13 13 13 13 13 13 13 13 13 13 13 13 13 13 13 13 13 13 13 13 13 13 13 13 13 13 13 13 13 13 13 13 13 13 13 13 13 13 13 13 13 13 13 13 13 13 13 13 13 13 13 13 13 13 13 13 13 13 13 13 13 13 12 
35 115 223 
93 40 21 
87 169 108 
143 128 9 
134 174 95 
189 185 22 
239 221 236 
48 224 209 
10 67 145 
103 124 88 
139 73 180 
13 85 66 
121 53 236 
10 58 158 
205 85 232 
133 128 181 
129 31 16 
154 63 138 
208 1 78 
71 96 118 
58 15 34 
8 197 64 
174 171 78 
90 180 74 
156 116 178 
164 217 198 
64 160 178 
32 147 105 
72 111 119 
18 77 212 
194 178 25 
33 97 69 
235 102 152 
134 209 13 
162 193 185 
55 143 183 
104 56 222 
92 45 21 
23 47 9 
242 186 218 
112 73 219 
137 98 58 
18 1 4 
122 9 80 
103 70 99 
160 56 203 
64 11 147 
194 73 118 
11 62 66 
183 242 112 
132 46 20 
34 3 156 
8 147 93 
113 220 82 
153 214 127 
29 205 94 
220 68 212 
110 50 236 
58 59 105 
104 32 161 
29 59 17 
141 114 200 
217 222 152 
182 91 129 
210 103 161 
130 159 74 
127 92 85 
46 175 164 
39 62 170 
181 57 55 
208 216 144 
165 224 99 
14 126 242 
173 230 154 
112 116 192 
14 182 40 
243 16 191 
206 208 54 
186 102 151 
121 156 164 
195 126 235 
50 12 221 
20 99 220 
24 205 219 
45 145 207 
13 146 171 
220 89 111 
81 215 148 
87 200 115 
43 33 132 
77 114 172 
181 37 51 
202 203 65 
70 85 120 
201 189 41 
3 88 165 
146 224 39 
32 84 54 
224 189 28 
26 39 232 
108 109 83 
190 165 26 
214 62 132 
113 4 140 
23 234 158 
128 172 149 
56 121 168 
223 31 213 
226 52 31 
243 141 125 
34 142 207 
106 174 225 
186 48 22 
147 104 45 
50 133 82 
37 103 154 
223 233 29 
90 29 98 
239 20 59 
97 114 169 
235 75 183 
46 31 228 
144 28 92 
19 199 141 
76 116 242 
107 213 201 
211 140 128 
9 74 123 
144 190 222 
29 74 216 
26 114 135 
165 185 61 
37 115 240 
21 28 79 
5 191 69 
211 221 173 
86 215 214 
115 145 68 
199 215 213 
195 137 82 
12 223 59 
91 18 125 
206 219 75 
130 184 215 
155 129 205 
193 44 69 
244 91 233 
46 81 190 
10 171 51 
234 145 165 
27 212 114 
95 12 218 
101 208 123 
231 82 77 
48 158 238 
136 172 133 
228 125 207 
47 188 182 
135 203 86 
204 6 147 
172 38 214 
243 99 236 
228 210 213 
42 110 137 
196 66 239 
183 5 178 
174 52 191 
126 16 110 
237 197 178 
129 214 11 
204 11 227 
61 206 13 
209 149 69 
42 214 186 
141 38 223 
151 170 142 
219 87 163 
209 125 26 
129 112 83 
104 195 119 
135 41 13 
100 4 34 
187 90 133 
154 227 75 
108 126 137 
167 220 46 
237 69 165 
187 223 139 
139 218 151 
59 5 49 
73 80 43 
163 208 61 
77 30 189 
125 108 34 
213 5 205 
6 84 166 
185 148 130 
45 24 202 
64 110 35 
98 100 154 
97 217 64 
58 57 184 
86 96 223 
131 232 145 
177 35 143 
212 88 240 
88 122 95 
96 197 37 
71 188 22 
1 240 168 
102 103 2 
10 2 242 
81 185 142 
149 151 125 
12 209 151 
6 78 112 
202 60 192 
55 73 30 
112 109 227 
95 83 41 
71 160 75 
90 115 104 
164 182 160 
61 66 186 
137 205 239 
194 179 133 
175 202 108 
45 14 26 
184 96 232 
230 33 234 
117 104 221 
20 83 222 
105 233 109 
1 131 76 
162 164 242 
139 24 119 
234 43 135 
117 179 192 
197 122 157 
134 11 116 
231 4 44 
6 72 126 
13 78 67 
117 36 57 
150 148 167 
150 18 200 
184 38 62 
198 149 223 
184 113 197 
215 101 241 
204 134 216 
49 80 29 
202 205 7 
222 55 166 
84 240 7 
86 17 216 
233 68 111 
238 170 94 
32 22 194 
198 184 35 
1 167 142 
210 196 144 
213 40 219 
243 177 157 
195 200 173 
138 153 85 
146 17 200 
106 3 176 
244 100 218 
77 175 121 
9 101 240 
170 202 52 
75 119 201 
33 158 25 
229 109 155 
182 80 128 
2 49 74 
14 118 4 
116 233 95 
57 38 173 
159 162 84 
93 186 235 
157 20 14 
117 141 218 
181 170 242 
157 46 79 
35 191 218 
67 98 208 
47 137 196 
97 163 218 
108 238 26 
95 27 221 
68 37 107 
229 235 120 
204 21 179 
169 51 140 
72 179 108 
217 137 111 
210 133 65 
200 120 103 
22 9 138 
7 152 93 
8 71 23 
129 140 166 
195 136 18 
135 243 92 
131 193 57 
197 1 186 
15 96 100 
22 27 15 
157 147 53 
160 40 15 
14 66 173 
182 156 155 
163 84 207 
101 201 161 
201 3 208 
131 244 43 
2 211 156 
144 60 63 
211 241 109 
107 159 91 
140 53 238 
234 222 25 
18 185 157 
215 133 9 
10 199 230 
229 181 62 
151 126 42 
123 81 143 
85 60 204 
195 207 121 
141 73 212 
117 44 30 
197 196 83 
40 29 130 
239 175 76 
90 141 2 
221 208 139 
65 4 166 
97 60 105 
4 199 134 
124 148 6 
222 177 40 
92 169 118 
161 235 15 
73 21 38 
243 121 71 
141 68 24 
37 142 42 
27 121 58 
3 189 160 
20 177 6 
244 13 71 
23 122 203 
150 53 1 
172 224 171 
135 206 217 
173 63 51 
136 86 235 
95 228 81 
136 158 200 
43 36 38 
124 25 123 
211 117 233 
85 118 99 
226 120 94 
179 65 28 
97 79 59 
109 103 140 
61 118 199 
136 70 219 
168 23 49 
161 155 58 
108 227 228 
82 99 93 
67 100 155 
203 6 69 
25 102 140 
16 148 241 
107 231 92 
203 158 9 
51 82 72 
160 105 215 
209 31 126 
69 100 58 
149 41 70 
51 143 24 
138 102 216 
23 155 31 
126 119 233 
53 52 72 
17 217 191 
27 10 190 
193 63 52 
39 72 36 
198 227 40 
190 225 193 
190 239 45 
36 1 190 
116 16 115 
176 8 189 
199 176 38 
50 105 80 
69 212 57 
12 149 94 
66 168 67 
7 81 68 
54 209 89 
219 29 5 
56 15 202 
36 200 71 
132 93 225 
211 199 94 
99 230 174 
22 237 102 
203 139 196 
163 192 95 
41 183 237 
12 39 140 
19 175 161 
50 196 42 
216 165 78 
36 30 122 
76 155 226 
10 175 146 
196 131 230 
166 206 64 
16 225 37 
178 148 32 
54 165 76 
111 88 202 
187 176 160 
74 106 26 
19 188 176 
196 18 198 
227 126 25 
170 110 91 
49 197 107 
106 113 123 
120 15 32 
39 106 159 
163 238 183 
173 231 170 
18 145 216 
188 101 204 
177 133 87 
28 230 56 
17 134 240 
20 94 227 
220 207 191 
163 127 213 
124 177 234 
138 95 38 
58 122 70 
19 86 79 
232 182 89 
40 136 69 
15 189 16 
167 124 199 
44 152 57 
143 137 80 
71 232 48 
180 167 50 
182 219 174 
87 172 241 
220 92 208 
91 64 177 
59 63 150 
62 116 103 
157 232 138 
52 142 65 
49 188 67 
139 16 34 
219 189 125 
53 94 19 
23 13 207 
171 195 63 
54 120 72 
174 206 192 
83 244 237 
168 165 102 
169 166 123 
53 100 74 
79 241 50 
189 135 155 
54 146 9 
131 113 31 
124 110 5 
42 77 36 
84 41 51 
55 187 94 
111 138 149 
206 153 32 
107 194 42 
100 87 23 
151 239 117 
169 44 214 
5 153 160 
90 210 3 
34 60 45 
154 194 210 
91 98 188 
66 213 20 
176 229 55 
73 163 34 
184 179 97 
227 82 84 
14 204 236 
56 6 228 
65 78 182 
89 3 127 
119 95 52 
116 241 151 
142 98 194 
27 105 24 
121 8 4 
166 178 107 
235 185 192 
137 22 3 
186 158 230 
141 203 178 
173 35 179 
231 79 242 
139 44 127 
184 145 26 
18 167 209 
132 106 47 
113 75 224 
144 100 134 
91 194 134 
136 37 166 
67 124 106 
240 29 242 
204 49 118 
234 200 54 
239 41 212 
50 130 25 
83 11 193 
8 2 230 
8 212 205 
188 7 127 
177 193 227 
10 162 48 
238 24 133 
240 48 131 
213 92 172 
216 12 162 
128 124 118 
217 182 39 
176 104 65 
171 86 64 
19 229 236 
210 22 1 
77 79 110 
33 237 225 
59 179 197 
177 158 34 
222 188 107 
202 135 61 
159 123 139 
238 204 229 
88 97 238 
9 86 59 
199 39 41 
174 211 217 
152 207 236 
221 2 38 
113 163 206 
104 184 105 
56 25 16 
186 156 88 
156 83 75 
197 219 216 
21 11 108 
243 230 101 
80 175 64 
155 233 98 
61 156 28 
190 176 157 
64 90 57 
63 120 98 
128 121 38 
179 55 106 
111 164 135 
141 241 169 
217 215 70 
60 77 41 
195 44 1 
117 27 185 
136 203 35 
102 27 89 
198 148 23 
28 142 11 
168 96 123 
128 223 83 
235 132 66 
150 88 98 
179 102 40 
110 56 52 
43 162 144 
21 87 66 
201 17 127 
113 115 210 
239 162 27 
192 76 183 
76 111 47 
105 181 180 
100 170 111 
115 36 41 
243 87 217 
69 101 180 
89 164 183 
82 22 44 
225 49 221 
147 218 103 
10 85 28 
147 234 202 
222 131 210 
74 12 31 
187 97 165 
8 110 84 
19 96 129 
99 5 170 
65 130 127 
122 96 238 
144 39 89 
201 106 24 
134 193 93 
43 209 79 
88 231 53 
55 126 46 
85 114 229 
228 198 99 
226 191 37 
74 23 81 
171 130 108 
148 127 180 
152 70 145 
137 115 28 
156 55 241 
172 161 76 
84 186 194 
36 114 144 
159 34 70 
60 235 153 
54 135 68 
67 170 224 
225 101 98 
30 212 15 
201 30 214 
47 46 232 
150 44 154 
229 211 92 
226 62 77 
91 152 180 
19 48 149 
152 76 48 
218 122 14 
25 224 68 
86 7 43 
72 35 132 
33 67 111 
150 122 131 
21 53 163 
175 47 65 
143 109 20 
167 60 214 
140 143 207 
225 226 96 
232 17 62 
208 50 75 
12 80 222 
13 147 150 
183 236 25 
2 19 147 
78 94 14 
67 99 169 
198 51 54 
154 237 206 
244 125 63 
162 94 60 
229 90 145 
234 19 205 
119 144 239 
211 123 190 
3 143 242 
58 149 73 
81 193 48 
120 154 233 
213 56 185 
21 229 110 
153 230 124 
174 82 168 
226 47 104 
12 146 109 
112 231 136 
161 180 33 
220 183 159 
205 89 171 
160 241 112 
8 26 172 
52 43 17 
218 75 56 
180 153 221 
86 193 191 
61 192 181 
78 190 129 
78 119 85 
13 32 127 
174 157 73 
132 122 198 
136 237 181 
115 132 118 
188 228 62 
118 43 154 
231 52 81 
153 17 195 
89 46 2 
74 24 30 
133 5 151 
167 105 244 
244 184 158 
201 171 93 
220 215 7 
106 66 102 
128 243 44 
125 48 178 
63 8 232 
71 226 7 
129 203 185 
209 176 156 
75 14 87 
216 101 233 
124 159 140 
79 237 204 
50 117 7 
210 88 49 
130 49 146 
87 224 46 
212 51 59 
226 175 112 
33 57 26 
158 20 28 
171 84 83 
181 121 109 
33 114 24 
45 224 132 
138 53 228 
60 150 72 
142 116 35 
221 42 7 
2 45 82 
71 198 167 
120 150 80 
77 109 168 
27 211 76 
175 189 238 
181 123 231 
159 62 90 
148 97 157 
138 32 31 
119 162 194 
45 103 90 
33 164 146 
146 178 72 
153 173 146 
4 32 119 
117 93 145 
130 167 57 
187 129 36 
177 61 168 
81 151 30 
5 237 241 
128 176 214 
120 130 240 
10 143 234 
153 113 159 
187 168 65 
201 200 228 
30 220 54 
152 243 68 
169 6 80 
161 78 191 
3 39 131 
42 92 134 
164 226 223 
42 152 79 
47 172 15 
37 227 101 
6 206 68 
107 96 196 
173 240 180 
169 162 225 
116 4 125 
196 195 161 
107 16 187 
149 11 225 
29 188 35 
244 192 148 
31 236 104 
93 191 70 
113 11 187 
139 207 215 
166 21 17 
231 47 187 
112 18 63 
138 155 114 
192 55 164 
61 30 166 
51 91 89 
199 114 40 
142 236 70 
105 73 188 
80 87 233 
152 196 142 
228 119 143 
190 146 8 
31 148 159 
94 180 95 
119 210 164 
226 63 161 
75 237 115 
128 10 105 
13 175 4 
211 182 25 
233 72 34 
210 81 79 
109 42 209 
97 41 47 
51 26 38 
21 141 240 
136 82 165 
15 90 227 
183 12 8 
19 127 228 
126 34 59 
16 77 11 
48 61 6 
140 69 22 
130 191 34 
62 94 27 
1 233 191 
2 91 117 
221 240 125 
102 147 51 
10 173 91 
196 189 104 
183 61 31 
69 172 185 
169 91 139 
99 52 160 
187 74 218 
4 86 30 
172 112 135 
177 223 1 
5 7 73 
181 93 112 
71 137 186 
230 29 229 
201 7 235 
57 78 102 
100 206 49 
186 232 113 
229 210 169 
234 78 41 
93 45 3 
50 85 116 
54 207 164 
169 231 74 
139 242 122 
145 209 197 
67 172 154 
109 18 111 
167 82 111 
3 123 21 
29 207 20 
66 116 41 
165 29 201 
32 47 160 
199 185 200 
11 188 211 
151 39 17 
183 189 145 
193 60 216 
156 92 25 
132 71 171 
88 73 142 
202 58 226 
6 224 143 
97 18 49 
121 211 45 
158 118 11 
44 153 14 
146 92 56 
36 191 63 
179 187 58 
38 228 244 
152 86 227 
50 39 66 
242 148 64 
106 128 33 
235 37 157 
234 77 116 
76 61 23 
88 129 108 
244 162 189 
239 99 173 
17 9 60 
49 186 148 
159 142 12 
9 28 132 
162 28 176 
204 135 218 
96 203 92 
94 179 100 
78 141 150 
229 93 50 
133 101 124 
13 80 108 
166 160 213 
194 236 206 
223 98 65 
14 101 131 
224 84 2 
147 52 60 
26 203 103 
219 171 44 
243 56 64 
144 103 85 
156 82 15 
127 138 159 
72 155 9 
166 121 187 
125 180 32 
230 141 87 
193 12 241 
89 221 238 
39 24 147 
195 22 77 
2 35 120 
38 241 136 
135 242 65 
235 107 205 
198 55 64 
241 174 244 
192 234 236 
149 240 220 
209 206 122 
165 89 110 
205 106 15 
170 161 118 
70 83 27 
23 112 114 
90 105 125 
140 62 195 
133 76 71 
88 193 181 
220 163 59 
181 86 104 
174 100 145 
208 200 113 
190 220 4 
173 67 130 
171 213 139 
134 205 33 
155 223 40 
1 214 66 
207 114 37 
120 110 67 
98 51 184 
215 56 68 
226 156 102 
10 180 154 
182 24 55 
177 208 114 
37 131 104 
203 62 133 
30 227 70 
163 215 151 
46 54 19 
22 192 213 
74 57 198 
70 153 109 
83 32 144 
28 80 33 
103 43 98 
222 221 178 
168 46 30 
58 79 174 
106 127 68 
5 212 230 
3 216 124 
14 52 7 
95 108 85 
36 237 89 
178 120 17 
119 212 140 
76 20 231 
113 217 214 
170 83 236 
43 202 13 
167 200 20 
158 99 190 
217 36 128 
184 243 175 
231 202 117 
175 24 237 
110 26 225 
81 177 149 
239 166 18 
63 238 129 
199 53 48 
138 144 72 
204 40 232 
155 238 149 
84 167 25 
132 107 95 
162 19 208 
75 176 164 
43 8 157 
185 131 118 
115 126 122 
137 124 31 
59 178 225 
176 46 48 
53 35 232 
158 123 27 
21 57 151 
197 16 123 
96 55 201 
81 163 90 
215 212 84 
121 188 134 
96 161 222 
216 23 117 
198 224 194 
69 75 204 
137 53 16 
192 222 214 
126 47 101 
97 152 130 
219 45 218 
150 146 6 
199 129 150 
153 168 170 
143 195 168 
79 219 134 
68 5 42 
217 138 239 
44 182 42 
65 194 243 
87 40 35 
54 197 225 
107 136 179 
184 115 196 
157 154 111 
968 856 843 589 554 400 356 308 261 234 210 43 19 
941 925 844 753 719 676 568 540 338 319 277 212 211 
993 876 867 785 687 520 512 500 352 317 268 96 52 
963 854 825 795 768 517 342 340 278 241 182 104 43 
1049 992 857 774 721 624 499 489 410 195 190 166 135 
1044 890 839 791 783 510 378 353 343 242 216 196 160 
994 861 857 752 737 730 725 661 542 408 302 255 253 
1021 835 818 729 702 622 541 540 517 402 303 53 22 
933 912 909 564 487 382 326 301 271 128 44 39 4 
974 847 824 777 617 544 426 394 327 212 149 14 9 
893 882 838 803 798 594 575 539 240 171 170 49 47 
937 911 835 696 673 620 548 420 406 215 152 141 82 
1002 920 825 710 674 477 354 243 181 172 86 34 12 
994 924 894 733 677 659 509 313 283 278 228 76 73 
951 931 834 789 650 459 441 411 346 312 310 309 21 
1039 1030 838 797 571 474 459 429 401 380 168 77 17 
997 909 883 805 718 703 671 603 449 393 267 256 61 
1011 891 874 807 527 445 436 325 305 246 142 43 30 
1019 981 836 684 676 657 623 553 476 456 435 421 124 
1003 999 877 744 667 504 450 353 283 232 119 83 51 
1029 876 832 805 692 665 602 575 347 295 134 38 2 
982 940 840 614 554 520 416 310 301 259 209 113 6 
1036 954 905 636 593 496 477 390 373 355 303 105 39 
1008 975 939 747 720 628 545 516 388 349 236 198 84 
1017 886 826 675 660 571 538 437 379 364 324 274 31 
1009 927 831 743 702 526 434 291 228 178 131 102 100 
1028 953 842 757 605 592 590 516 394 351 310 292 151 
986 913 912 744 640 617 594 579 448 368 134 123 99 
879 877 860 799 534 410 336 252 130 118 117 61 56 
989 979 854 810 781 773 720 651 650 424 334 218 193 
1024 849 819 801 762 620 488 390 385 122 109 108 17 
985 935 880 768 762 710 494 441 430 259 98 60 28 
986 966 902 765 747 743 698 663 556 274 230 90 32 
841 837 827 645 558 506 501 474 194 182 111 52 21 
1053 1027 941 799 751 662 591 523 287 260 205 199 1 
1005 996 896 771 644 610 490 424 412 400 396 363 244 
977 969 903 790 635 532 429 350 293 208 133 116 92 
942 898 831 583 568 454 403 363 347 280 247 175 161 
939 900 883 785 627 565 550 442 420 396 100 97 69 
1053 1015 967 812 599 458 397 344 336 312 263 76 2 
878 866 830 610 588 565 537 491 419 387 220 181 95 
1051 1049 829 788 786 752 495 490 422 350 329 174 164 
1021 1002 987 716 703 661 630 601 363 318 237 191 90 
1051 928 894 727 653 614 589 525 498 461 334 241 146 
1043 892 867 764 753 748 501 399 228 198 114 85 38 
1026 989 981 740 719 652 632 286 186 148 122 68 51 
1041 880 830 806 789 695 666 652 607 528 289 158 39 
1026 1013 839 728 689 658 657 546 544 463 155 113 8 
910 891 863 739 738 615 535 473 439 373 277 252 190 
918 900 868 737 672 538 485 464 422 404 115 82 58 
971 846 831 811 741 679 491 388 383 359 296 149 92 
994 926 852 717 703 600 513 472 395 392 272 167 109 
1039 1027 1013 749 665 631 484 476 392 356 323 311 13 
1054 981 869 781 679 647 536 487 479 431 409 98 78 
1031 975 945 809 641 632 584 505 492 254 218 70 36 
972 929 895 704 691 600 571 510 448 411 107 46 37 
1029 983 862 770 743 581 461 405 307 280 244 202 70 
990 897 889 688 455 386 374 351 202 59 42 21 14 
1025 959 837 741 564 557 469 369 190 141 119 61 59 
926 909 885 750 682 668 646 588 501 341 331 320 217 
905 849 839 810 772 707 579 560 371 224 192 172 132 
978 956 842 760 715 671 655 470 328 247 103 69 49 
1012 896 822 807 729 681 582 478 469 395 359 320 18 
945 929 901 581 577 552 468 428 201 199 47 27 22 
1052 943 923 779 666 625 551 511 472 368 340 299 93 
968 900 878 726 602 597 504 407 313 224 165 49 12 
970 964 873 678 663 648 533 473 407 377 288 243 9 
1049 991 972 791 782 660 647 408 349 293 257 138 57 
1038 850 840 612 458 405 386 378 187 173 146 135 32 
984 979 953 813 802 645 639 587 455 387 372 94 45 
957 887 859 754 730 463 412 354 348 303 221 209 20 
1014 933 827 766 750 662 479 396 392 383 297 242 29 
888 857 814 711 688 506 347 333 218 191 48 41 11 
983 870 853 720 636 620 484 434 277 130 128 66 24 
1038 1020 823 733 704 672 573 529 273 221 184 143 121 
999 957 905 757 658 642 607 606 431 425 337 234 125 
940 904 838 756 655 588 555 490 270 193 154 91 30 
917 866 862 784 709 708 677 511 423 243 216 23 19 
1048 990 828 788 736 630 555 524 485 456 369 286 134 
986 920 815 783 755 673 577 462 404 276 252 191 44 
1032 1010 828 773 717 689 636 408 361 330 213 148 88 
931 875 833 753 694 614 508 383 376 154 140 115 54 
1001 985 953 745 596 573 539 481 335 232 220 179 101 
1033 1017 925 745 643 622 508 491 315 281 255 196 98 
995 930 868 709 633 617 366 331 266 94 67 15 12 
960 899 854 706 661 564 552 456 360 256 203 159 137 
1053 936 815 740 733 611 602 496 466 447 177 89 3 
958 906 888 738 631 598 572 563 432 207 206 96 10 
996 950 938 811 719 700 627 613 592 512 457 409 87 
1032 955 834 764 760 683 581 500 338 222 183 118 24 
851 847 844 811 656 531 503 468 438 322 147 142 64 
915 895 886 786 654 547 467 381 345 306 123 67 38 
918 867 858 802 769 724 629 413 376 302 282 53 2 
916 842 820 682 677 492 476 450 414 406 367 258 56 
1018 995 820 513 454 418 361 292 279 220 207 152 5 
1035 1031 915 792 670 626 623 595 309 229 208 203 20 
1042 891 830 761 621 563 507 369 341 290 201 120 32 
987 971 923 649 598 582 578 515 503 288 200 118 42 
1004 908 852 678 634 624 415 376 366 162 83 72 45 
961 916 863 609 530 496 484 386 377 309 269 200 182 
1041 924 919 790 734 649 612 576 446 316 271 250 153 
973 862 846 726 599 592 482 416 389 379 211 79 33 
987 930 927 764 616 470 370 300 211 116 65 45 10 
977 960 848 801 695 570 551 231 222 180 114 60 37 
955 824 814 722 608 570 516 404 384 341 233 59 28 
991 951 902 726 628 584 533 528 442 440 434 268 112 
1055 1018 944 797 792 559 518 495 439 381 322 293 126 
995 920 906 637 575 375 297 291 227 194 185 101 3 
984 874 829 756 746 696 667 370 321 275 233 219 101 
1009 970 950 692 622 600 555 489 438 199 168 164 58 
1057 875 874 663 609 607 585 493 432 298 257 87 29 
954 858 855 807 742 701 697 219 216 179 75 50 41 
1000 962 864 803 778 604 569 529 488 440 249 104 54 
976 969 954 812 808 747 644 633 151 131 120 91 62 
1056 1023 823 714 640 610 604 401 222 138 133 89 1 
904 878 868 795 751 514 470 401 279 240 125 75 25 
1036 1007 844 769 737 590 497 365 334 284 244 238 231 
1022 952 893 716 714 549 535 371 366 345 278 48 20 
998 821 817 768 763 709 685 513 391 273 236 180 29 
997 970 941 776 755 690 582 479 441 367 300 294 94 
1034 934 892 746 583 517 351 348 332 270 107 80 13 
1023 949 871 712 664 659 626 455 424 355 239 207 44 
1030 1028 876 759 686 595 561 483 440 364 330 153 128 
1024 993 919 735 693 549 533 489 460 453 364 343 10 
955 935 845 795 728 681 475 214 194 178 157 142 110 
1041 1023 837 632 437 391 385 329 242 185 168 81 73 
991 932 836 710 638 625 603 542 525 512 452 67 55 
1005 902 824 775 727 596 583 549 276 127 106 16 4 
1045 1012 906 771 731 708 623 304 179 170 145 64 17 
1042 964 841 776 770 739 637 625 538 336 197 144 66 
1022 977 924 785 664 619 546 488 427 318 307 234 204 
1018 912 887 748 714 712 662 597 528 413 103 90 51 
978 957 919 721 545 447 326 299 226 183 156 115 16 
1048 1034 966 786 629 531 530 449 342 251 240 34 5 
943 914 855 647 585 560 486 358 306 237 181 159 131 
1055 942 833 713 697 591 532 458 372 362 360 305 156 
1039 1024 859 640 520 462 298 289 225 185 164 140 42 
1050 1014 932 808 762 749 493 471 454 389 301 266 18 
965 871 851 804 561 525 474 417 339 236 189 188 11 
998 956 840 735 669 420 379 370 323 304 296 127 104 
936 917 832 586 522 349 338 333 284 175 124 110 62 
911 888 816 813 751 594 515 472 350 261 213 176 111 
1047 890 817 777 687 669 667 462 388 330 205 36 4 
1014 985 930 685 644 627 601 530 320 262 129 123 71 
961 884 872 769 683 639 526 445 204 150 138 85 9 
1044 895 818 767 766 765 739 696 487 426 267 97 86 
939 926 846 676 674 618 616 311 160 114 53 47 28 
910 901 819 800 761 638 593 430 380 343 245 197 88 
1016 1010 948 798 688 657 493 406 387 248 214 173 106 
1045 1044 917 755 750 674 664 653 598 469 356 246 245 
1029 980 883 773 721 514 497 329 215 214 189 176 79 
1042 899 816 788 782 658 656 639 567 461 302 63 33 
1046 984 894 778 767 718 705 693 646 499 494 266 55 
1057 974 873 716 690 680 653 502 200 184 116 74 18 
1016 967 933 808 578 486 425 390 377 374 314 275 145 
973 931 886 732 641 579 573 572 319 314 80 52 25 
1057 1021 903 761 711 580 471 325 311 286 283 264 239 
1028 1004 893 744 723 558 521 382 362 274 155 105 14 
932 911 819 778 760 735 699 645 561 442 322 281 66 
921 880 852 701 499 433 384 352 312 223 221 46 27 
1035 952 822 796 784 698 642 421 374 346 316 65 60 
1019 913 907 794 763 682 605 601 548 544 281 235 35 
1032 980 959 665 569 506 452 443 418 315 290 192 177 
1020 869 821 809 787 765 613 585 235 223 80 68 26 
950 879 833 621 482 431 423 187 150 132 102 96 72 
1011 934 921 810 805 532 518 483 428 340 304 254 196 
1017 1003 875 770 754 722 668 527 464 460 261 245 186 
1047 1046 989 779 772 756 694 595 482 407 373 210 107 
870 865 851 794 783 678 586 498 483 345 296 120 3 
1046 1001 952 648 624 609 444 438 285 272 258 176 69 
965 928 887 745 724 700 637 552 478 357 149 86 23 
873 855 850 789 702 642 547 466 357 161 156 106 91 
964 908 847 793 767 523 444 359 313 280 265 136 74 
990 961 946 711 694 566 480 465 415 167 112 23 5 
1008 1006 825 758 742 666 577 426 421 337 270 227 68 
1026 1020 913 775 732 580 551 505 435 433 403 402 268 
1010 976 856 772 558 543 468 453 447 353 344 264 205 
1025 997 988 766 728 522 518 430 169 166 31 27 25 
1055 916 897 599 584 557 523 507 368 297 295 238 226 
974 935 820 793 705 698 656 638 612 608 464 24 11 
960 958 858 759 746 713 707 608 328 285 92 70 16 
1051 975 826 550 511 465 457 314 276 223 158 76 64 
884 849 835 699 675 613 606 443 419 166 121 50 36 
1056 1006 971 723 570 526 507 260 249 247 229 202 144 
1022 881 850 731 691 590 519 325 213 197 132 35 6 
910 864 859 643 572 521 308 282 224 174 113 79 40 
934 897 853 806 803 797 779 771 621 492 433 188 183 
1034 882 814 799 715 559 542 503 473 446 435 209 158 
907 884 848 758 486 475 459 402 352 193 99 95 6 
1004 963 818 708 686 580 400 399 398 394 148 129 102 
896 843 841 802 784 706 635 451 393 287 167 135 77 
1040 982 947 809 800 707 606 519 480 418 238 217 75 
958 937 885 706 689 629 543 539 398 395 307 146 35 
1052 1037 922 763 643 531 515 502 495 259 226 48 31 
1047 956 940 796 718 589 478 332 305 265 180 140 81 
1056 848 816 796 792 436 427 422 417 335 289 262 165 
1054 1030 872 574 557 439 335 308 249 239 208 169 22 
1037 983 945 754 712 679 634 593 436 397 260 248 26 
1045 1013 881 812 565 460 414 403 371 342 327 139 124 
1003 962 881 780 536 412 362 300 267 265 246 89 62 
1031 879 861 780 724 651 628 603 317 316 273 126 95 
1007 1002 889 618 560 432 411 272 253 227 217 198 93 
978 927 915 731 591 522 417 382 378 355 159 93 46 
1038 1015 914 736 562 535 509 446 331 295 251 171 160 
966 951 944 700 684 541 253 225 195 145 84 56 15 
949 922 863 791 680 569 494 480 428 358 172 143 78 
969 877 869 804 669 567 477 451 332 315 157 111 85 
1019 976 962 672 467 339 317 288 192 153 78 71 19 
949 872 829 732 630 527 409 385 215 178 173 34 8 
865 828 821 738 619 604 554 502 500 299 262 163 65 
892 882 826 757 686 654 566 414 365 321 319 136 127 
1033 998 992 741 650 541 537 405 333 206 151 57 30 
982 965 921 691 547 504 452 263 195 163 139 126 108 
1040 1000 968 775 668 651 498 174 170 161 137 103 55 
1033 980 972 804 725 587 384 326 250 144 139 137 88 
1036 993 885 734 574 548 445 423 389 256 251 130 71 
1050 1005 1000 611 587 566 550 393 358 298 201 63 26 
1043 914 853 704 659 616 290 287 284 269 189 152 40 
1048 1043 928 574 475 465 410 372 263 177 143 84 41 
963 959 948 781 725 699 467 451 186 87 83 57 54 
988 938 845 752 705 615 568 339 292 231 136 82 7 
1040 1035 988 673 619 559 344 324 254 232 129 63 37 
967 923 856 787 596 248 203 188 175 141 117 108 1 
1037 925 890 748 740 660 648 529 357 99 97 72 8 
1054 1025 1009 798 794 670 649 615 556 429 413 398 112 
973 889 822 787 742 730 695 670 655 635 425 367 109 
979 899 834 790 543 508 450 437 397 375 219 184 171 
898 836 817 780 749 715 634 510 375 361 163 157 122 
918 865 860 692 683 654 633 562 553 505 328 294 275 
992 936 860 693 576 540 521 448 427 415 327 230 74 
1007 999 870 806 759 717 697 631 524 444 381 241 154 
1027 1015 864 729 671 652 471 463 457 229 204 100 15 
843 827 815 734 690 578 391 365 279 257 233 147 117 
947 904 866 777 684 618 536 453 324 237 230 150 105 
944 903 861 646 597 519 360 346 294 282 121 81 33 
1001 947 922 813 801 675 567 553 509 162 58 13 7 
1008 996 823 774 736 713 680 556 481 419 416 187 169 
1016 1012 938 758 626 563 562 545 443 323 291 258 155 
1050 1011 908 685 605 537 497 399 337 225 165 119 7 
948 845 832 793 776 546 534 449 271 255 210 206 133 
946 942 937 774 701 641 586 514 485 466 380 321 250 
943 901 871 687 534 524 285 235 212 125 73 50 40 
1052 1006 929 782 727 611 576 348 306 264 162 110 77 
946 907 898 800 723 722 681 481 354 318 269 147 0 
